3233
3332141544
44
31
55
2554
43441525
31252134
5214255545
45355442
21
3525214521
3354514153
31
23454213
432141
43254325
2324
452322
1321321224

54333435
53523543
3414131425
4535
53153132
24
54
15
5233344225
41555455
25435325
13211351
514144
31223532
321434
11
244234
253132
1355
423435

2152
54213435
5525
1353
511525
125451
51523125
2514
2543311353
12343513
323134
43
52334525
55
3554441521
23433334
5442
4254
25
15

45
34215225
4415314523
5545234321
535455
1445
1331244432
151432
1121
51
5111254333
512221
23221213
11144514
44343345
45
2421244452
13141112
21134225
4544323532

132554
11251142
14
1224
3433155154
52313414
311355
3334441544
213435
12
42522115
1144
3125142251
2315
41354553
51435524
243525
243313
224425
32142242

