3522314512
42
55344252
22533235
53
2541141323
23
21222152
114225
2225523145
2555
2343
544234
241213
13253225
444153
51225341
5231255345
11252455
253255

44
33431254
3423112111
22331314
143414
33255113
54352221
21543122
5433152311
24
1344
4234253253
5145512212
1441
5223
2541212442
331531
3141
5225254252
2421

5543334533
23
44
35
4415314125
4234334525
53
554344
123421
211521
4445
13352242
31542545
22
32121525
231135
25
532244
44451213
13535423

122542
25
12
12432522
2423245141
433341
452124
54311542
23415111
5421
1211531114
1254515214
3345551144
252412
5552
1535453532
54
2523253122
4123523341
2514

12
3334
22
52
2425221224
2242542325
15
1153
51
354535
5534442255
53
4222444142
44
1441
34214542
5543
25
25
45213225

