212535
44
55
55542315
52
225525
4325543115
3244
3325513244
51435541
544432
11214121
1222
34215255
1234
2431453122
2533
25
515421
253223

5125211123
4434
2242
123235
3154
52125453
5552
43
4353
4454
11
153141
52
153541
454211
13314344
42222534
2221
23432541
15

54335431
4452
525354
254424
45
4131155324
43421521
31
235431
42
1234211551
514144
251512
55
14
421114
12412543
1151
14344243
1312

2134312521
51
3552233444
42
3132
4321112313
4512
443414
53433152
3214155315
4312
21
3545121325
122525
14
212533
1424
1342412113
15532535
443235

33252124
54253223
51133311
32
3421412524
4555342332
3451
2345254331
2124145251
23133511
112154
5233132132
34444542
2145
1321
445251
2334141323
5354
5455
254533

