1452
41331131
2132
1533412352
34211133
3122
132354
4144522354
52
5421
44243132
4514
515221
552425
55432543
54
2414
33133532
434434
5233

554523
21431441
5444
2113
245113
3253
4232
1544
3325314121
4215
432515
1321
533214
5545142555
33
53
33223534
5412343122
32233223
4245

24
52234353
1225421133
23223511
34254323
55542111
11233425
4245315442
4234
3233
53
55451232
45
54252431
211325
5332
22442451
231344
2134
4314114241

3223542113
5425134215
15422521
125444
1415
15
1153322311
325341
54
3242223125
3455
3113334555
354123
421555
4234
544241
5235415524
25
32122242
513414

55
44
5552311523
21
25
4422
5412131213
2251135345
11255221
51243124
11
24235212
31431215
1123
4225
41444121
12
12542113
3225545541
52315453

