23221454
3235433534
4523251215
1351
1254515453
4254
4353454213
1133543525
2544133511
153545
1155243532
1321
5111311312
1424124114
231142
1232
13422453
12523343
25
3214433134

5451
534551
1413555444
5341552251
44543554
411224
1335
334533
2134511533
3115
4123
251521
12
55
53
53
33
55245511
5253
35

5341
432322
2231134443
1531
35
2332
525513
522132
15141351
2515351335
23
2322533414
1252354321
33
51343115
11
1314415111
54231512
212244
42

255431
145253
3352
54
4114
334335
12
44151225
32
4151
21545524
5242153152
324411
1114135134
1131134213
5451
1434123435
51
55152145
54235431

21
513221
123235
14412141
2544112541
3423
3313
1314525124
41425231
51153313
255313
1314412543
3431341445
1344225543
34
3221452543
54
2512545152
1333225341
5214455352

