2552
5431253125
523145
13
413145
225522
223132
41511153
4441312542
42
23454422
1333155352
43214542
5125
4151
55
1254
543322
11
1535

4222511344
5134
3235521424
5242
3145332533
4425353442
5554334353
212225
1213551314
21523354
34
3442433311
43
1133224215
4525434254
43
2231
1454
1555
25

2352
4333
12
3341534514
1245
2435
4234425255
42
23543541
2442322515
24531312
42
2543334133
1224254525
5552
25534514
31
31225541
2533253545
43424551

2322
455145
5251
5332
243543
34513253
14323154
54512514
4222
1331
1241
24
2223222552
153313
4112
12152545
5223155334
5251132122
24
11

5425323532
3414
535214
313435
42
44
53
33322525
32
3423
351355
1413
154241
155332
135532
432324
1542225354
45214333
12115554
5251

