13511133
5313
4512342334
32
32
43
45
254252
32
24442451
55135124
1542153341
22551133
21132324
252154
41
3425
514351
554321
5334

32
2544225122
1144132124
22233435
1424352514
53
5132
22
2223
2545145242
53
234542
142212
25154211
412343
5251115354
25314131
55323552
5221
31454413

4535543154
5242522345
43232512
531121
351512
123255
3525533412
42521424
25144325
53
312451
535414
33
4454231514
55
53
554314
55542325
15
4333

35543145
4344
2513552535
1445
1344
4413
253543
22234531
5341235214
12
44
35
5145
345513
345115
1514342322
11532531
4254315423
1245
54

24512444
5124
11
242125
2523455124
134413
4544254454
52335425
53433334
1544
21543554
15
541215
132115
2223
2524553212
21112343
341424
54
2531222332

