42223532
1342433111
1523252515
41214533
5345352421
352425
2545
3251543122
433332
1521151213
13444514
2341534331
2324
541415
11
22354512
21
3322
25
114252

4123451434
323122
15513212
2113
114222
4544
44343111
32
4342
3541
2442
33
3122
433543
25
1323322513
413315
2225
25225311
5455

53
55113332
222343
32552451
12
2141
2253152125
25515242
4245
1312114211
1142
353412
53
31542524
2455
12252354
52515214
53
44523322
25254555

3541534344
125225
21
51
3545354521
35
4241122535
533235
1454551531
35455124
24
54
344425
2521
3334
41
41
1521
2543333214
3132

522122
255543
22235221
332453
35252322
4314
2332122412
55
235212
35153113
1121411434
2233252334
1312323343
1151252322
32
4112
3145351135
5132145414
313242
44112143

