33411254
2555222124
4333115522
2255
21
534353
3515
54515431
44345511
34
52
2551
2132143421
1234314112
21344245
34
523341
52
43
3242415552

3423
3352
41
4531322525
3225322554
2444
1222554551
2522
11
455341
1344411452
3451
531351
143425
12
5124
2512
2552311523
14324222
2431411422

4551543313
52
32215235
21
5324
5255
125423
14
14132143
412525
2412243134
15351542
2545
2214222522
2425135313
3431
21432334
34514135
14223122
15123431

2534
1112
44
31
14
1445145255
233221
1225
1125252525
244443
41
43312542
335444
315431
442453
53223122
5442
53
44543541
25211142

3513
45
4121
253442
4422
43
2233115154
11212531
144355
514353
311335
145435
31343143
2523523332
3253
25415343
41353221
5341143435
35323522
1533

