2343213421
553435
21
3341553455
3341331321
5541
5221
35242341
13
415543
24
1151151254
152511
414211
1131453143
24
24512414
12134445
2412
2122233412

315235
314135
311523
53135115
2444115525
1514433124
2535
12432324
4114242124
4151343343
2512
331535
1254254551
12523122
32234331
352521
33111422
22
54314523
422523

4452
15333433
2124
2525
333221
53413511
2533
5115
52143414
51451443
52551555
2311535223
2541425455
4254315442
35
12151252
5235115143
13511325
5125144153
2143211523

21415354
5414
5515251125
14453313
41
24
1325
3352554351
44411215
13511123
314535
12
512425
42
51455532
45233244
4245352451
1443
154211
413143

15122451
4452442514
422544
2154
413522
111425
221454
25
1121342145
34313233
12
441333
315412
423221
254331
1222422255
351314
51541411
135124
152311

