121321
42343543
54
25
4551
14
1443443433
513431
31222125
25531135
4424
2251255324
2521114243
34
2421
23
332244
5152315435
5334443433
12543511

132524
43
34232455
2525532233
5343
34
1523
51
121131
4434
2523135524
433522
11253223
424123
31
44253113
4114
5545534523
2352
2444115343

1525431454
41
24332512
2315
1335152111
413325
34533421
5552552521
5325
41
325154
4133
3315
25
2521
55411252
1523251443
13515453
42543525
41251353

1413142551
3554531353
44545132
1514341441
22513255
25
44
21
21
14
314542
31
4452
5233111411
4351
4443
11315242
55415545
34
43

255154
522552
4353
23415341
32551542
4252314112
3345425451
12
53
353225
3552
2233412554
252511
25551525
44133515
43425233
2552
45553242
211544
214555

