52142514
4225
3231
2113255253
5343145425
422442
31254452
1514
4213121523
31542143
32121121
35242122
543315
411252
242345
13513225
5522
151252
2431322124
32

13555255
1411232455
3343
2555
515453
442444
44221243
15422525
2334212414
1411
22
2425413524
5253412511
13332531
35
4445
345324
45
3451
23

21
12433113
13
24
1153
5522513425
311321
44341443
2223
14253525
2553341424
1112
234523
1454
4535132334
542522
43
11
5451154425
433315

45
1353
5313211155
421525
422231
142255
2543
3223324234
1523114224
344252
3221
51
23
143225
2313421125
21
1222
135511
25
45352553

2554331121
123221
55
42
2545553212
51542311
5455
3522
5442
55342334
1512
1254551521
51
14545154
415545
45231155
53
33221245
22423435
5311252512

