25144333
3122554333
14
33245111
4121453125
22
43331555
313221
51
25523511
15232531
1422
43
1351543143
3455
2341
3251
35
5122
41

34
5242113125
1312
5334
25333244
5545214333
1452
221225
4555
1425535444
3141551531
35113111
41
455552
54
3431
4445551555
513423
233242
51

5541
41253235
42
5543312231
23
1425
343122
2212152313
25
52
543115
1155
231123
4222
25
15551323
3324
2523
3554
152125

13
45
3223
23115525
13511544
14
51
51
424531
14245511
244424
24
524254
5451521245
43
455152
34
5225
35521445
15

45124535
1211
3214545132
4123
1224
54315453
44322525
45
255111
152354
5455241215
52
52
4144454432
133552
2455
1241511142
511523
2124315221
31

