5325
52
433325
3412
511114
53454415
245554
434211
52121133
42245154
415115
242334
54314121
2152
323143
43353421
14
5524535255
4243515251
2322

41513451
31
51452354
3433
51
445225
12325311
15531131
21225111
2435452124
115125
13
255525
52
4533
3545311353
4424
255311
4135322354
2225112145

3421
33523111
24
54141121
14132545
2251
2143214551
51
33
1211
45332555
5125443451
2313
45
2442
53542124
2235
2145
13
52

5455113354
34
1523
42
5511
45421353
1225
13214312
331142
51
534323
1222
2455221434
34
24334544
423453
1252251155
1232511514
534144
42

2141121331
3345141114
23454415
15
4542
42252322
1514
3343
15
5235
531142
23
5524531344
12
255212
1432254533
42
552212
55
14

