42111415
15
241422
22
13
25
1535
23
2515311114
12255343
11512423
33113132
5233
51222345
43
4125152513
24
41333231
2334
54

5221
35
2122
15212551
2554534514
4454552412
2125
54251555
35
35
443242
313244
355221
5345212223
35224411
155143
41
1351
251355
125225

44523525
54
455325
11444542
2541234523
4245352253
14
3113
4342
3345532253
1454
34441351
33243124
13
4155113511
3255
5543551525
145214
5352
15211133

444514
42345334
24
54
4333345354
2231
211553
3552
3235
532555
44
3354
523124
242111
13
4523
252542
4245332431
3541445233
44323325

115352
132534
544213
52
52
324222
22145414
42344441
52513253
44
532423
515412
2554
1123
23131243
45
25
24511535
51412524
2525

