55322122
321232
4321342154
4535
51152511
24123435
35134415
13533221
1243
4542115343
45142212
5543514333
55135352
15
22
45121342
23
4234353423
3354445412
53

42323154
154243
34513425
44242115
54125223
51341245
45
25211344
1252314344
5115332535
42
3334535214
231331
442531
12133125
3453415524
2242
44
1432311521
1232

54514535
2352145212
42
1425
32231344
2511143231
51525534
43315431
2513
241211
22
323113
3255325315
54
452315
52332221
3113255451
423231
2313551525
3515214512

511544
53
31431224
522552
45
114452
41331112
23
35
53
42225324
454441
453532
5435
44543115
222122
543513
32
3233
2122254135

51543132
52334131
3341
41124344
2541514523
23435324
15215412
21343145
2412542324
54354155
332423
51
5141
1323
12435315
5433
21
354351
5545232551
23

