2255
21545134
52422435
4241
432524
41122453
234551
314323
3354
25144353
44
53345511
45121533
33255113
34512444
14
213423
1252535431
4224
24314331

23155145
522143
321241
34
2433241222
43
41
223541
5225
552451
33324432
222341
4123
2511
4521152313
411445
22
321432
541452
22

2223
14544241
24
255132
22121512
4224
45
5435
2541235225
352414
14
351125
333233
25
44
51155134
4523
1443
2553
2152

3444
4243514551
44523545
32
225111
243534
45
1155
5322
543125
15511353
555225
33
4245
52
43
41145225
42431232
4533
33

42
1211255431
3124
2425132324
45214121
233444
332521
2534352414
141325
44522113
4542324222
155124
24
3221
14
1413233431
513444
53114443
4133322152
24

