4415313244
42
122525
5313145453
444344
33413134
41
11
411241
1121253541
254441
152554
15211351
535214
551323
5122
43231331
33111225
1151
2325

5455133541
2212225145
155541
22352233
3332
43555435
42
23
3332
3455522525
544445
32231135
3132351142
2315354335
55413332
134243
3253
14521225
3251
3324444342

515412
441344
55
5154
45
1151524422
152545
541254
415525
15421351
4225312553
23
31
5324511351
21132552
3233543145
221415
435334
252125
34312433

4245
252113
15532431
422221
23
53
55
42
3354
342125
5242111225
323534
1514345145
4314325132
43
3451
1232
32534533
513251
53

25
14155113
3453453332
25231521
53435315
115141
32213225
42
421321
5354
541224
5453155134
255352
414243
2525
141114
213221
31523513
323341
15

