1413515412
21345554
24353242
354123
14414215
1514
531355
1454
15511312
313225
1211441155
25135152
433534
41
41
22
15531133
141151
42
12255325

32
2214
25
5552
114424
4312
5111
52251535
332555
351553
33255343
11252225
3324352551
3354
1331
3132
325515
32251521
33
44

53
14
3534144535
332435
214114
2345
32
52551351
1222512512
5352554321
3345
5223545345
24
3412
4441
343141
2514522141
1131241232
22
24232521

534135
3524352533
55112543
11124514
334123
142431
4243
24
3221542325
2435112552
24
43331514
21415532
54125425
514325
5124315225
2345
4531525134
342315
15331312

14415322
41
225145
54213433
33453152
41
5255521254
43
4144323132
1133155345
4342523145
433345
321425
2535222125
4553
51452113
342345
52424331
5524
3455

