111432
24
54
34315212
5124233455
14
23
33414232
253134
54552442
51112322
22421333
1245251335
2124
5233414245
22211333
213233
44
145235
25

2511
15533414
12414254
54
45355431
51
211155
53435152
11
15
43442421
2552553442
3325551523
2334531342
3511
134252
5221343154
22
5453
124342

25
42
2554
344245
115541
32334351
441144
53
2111
25331535
532221
4225511512
25
35525345
13
52
5251
2125
5233415511
2451

3513
1142
55
53525522
41
4342245145
54
4133
514312
44
233421
125221
25434445
452525
321454
45351142
3511251114
35241245
4514
3113211551

124525
2313352544
35545532
34
525132
24514523
532544
2513
224422
2421
35
31
4452252251
4441
2525
1252553235
53155513
15445425
21
3334

