2212
251325
42
51454452
345143
224234
2521243334
25
45
13142225
55241241
1514243313
4312
335435
3545214144
5324552251
212425
35255354
1312131413
5214541211

222145
222322
521434
22534553
33
25
2511442431
5152
4544
33221225
3435451413
11512412
55155541
15
5431245124
4355223552
4351134445
52122525
12
5522

1325151245
11531553
3552
54
25
5431
3315313235
2122315231
12
2154555442
3113553451
35
5311354525
1234
13513253
1424252525
3122553242
12454424
32332551
122253

5124425221
3325
4331
2332531544
3554215433
311314
53
1225
5223
3543531335
533433
424512
515444
5122212433
33325125
1142324252
32
43
15
25334544

3545121323
3113
15
43
3444324224
11
32554123
145412
53
44523313
4531415525
34514323
4441
245545
32332433
51242554
4544
4234
13
4153113145

