4254235235
51133325
41552521
55413124
453515
43254312
5541311553
12113525
41533453
12524441
1351432311
343541
2242345132
11141535
5122
13314314
3543125221
4443
254415
32232255

2125351114
3543
433313
54441331
4441311355
122244
25243113
43
2221
55152325
45551112
33342113
4553
1441551351
21
2313423425
25154213
4555114454
4512324222
11

34
4533254432
543145
5421
5124332533
25
4241532244
5354
43
22513451
51
554353
35
42
53525354
1142
144321
14133343
43444335
443242

42545541
5412
533455
14
5513
2221
21432525
254432
24
1542452134
34215414
14
3134425444
4234231314
12
2332122231
445233
23524415
2244
55

25
35
33251432
4551344232
1144
31453352
5251
4243
3433
1232331512
2345
13121542
535242
55152324
25314323
12245125
225525
4135
251155
3325141312

