25354355
51435532
5214
5545
54444353
531542
2532535242
25
5522
3421
14242113
4351
4215
3244
21322541
45513423
5334
54532214
234521
1425144323

1213352525
5525421535
1232421514
12224211
3455
42152345
24
435145
2523455124
1351
51
5554
25254353
35
2124
22234355
442214
23
42242324
4512

25
51
2545
2514
14135541
13
11331514
42
353455
251123
1243
4144
5325122435
23132134
4525541215
4351
53153134
2521
514155
2343421555

5343423255
2315
4131
12
44
2524555412
12252143
34
541452
22251353
1415
2212345543
13
54
5255252513
54
5455
2122233244
2324513412
2134

155334
1323323341
41
11
133115
5414
42
3111
52511333
315414
21
2345
3212153341
11
1533
21522532
4335413311
132311
3435255522
24

