442542
3324
1353114443
1555525545
5423254425
41214133
12
335414
42
355235
553253
12154224
13441112
5111252253
33
23431232
324413
2223
53132134
342324

4153
231151
5332234135
121351
44255543
32
3455
51224224
32515231
2545
43332544
21412554
2555
55523141
432154
43122425
25
21
53223522
252313

1153
2552
43235433
44
1452533431
5145214544
5532123253
55523511
4555
51
2354443214
55
5354424112
35
21453343
22
41
4135453541
323511
453152

45551142
534333
2115352435
1254424551
53155352
32211512
25
55342132
5435
51432143
112554
4121
351514
2515353251
352221
555453
445221
2322554112
42
4452554321

141314
1425252225
2513
24531133
352244
312435
2313
4531
5145352512
35
214135
23
42412515
13352523
23253511
1535
3154
4523
5115
5453

