5552
54
34445225
51324441
43
54
43
1353
25
51
1213512523
44
35253134
22
2253
31434211
221434
2435415343
15
3255

12
14113115
5253113525
41
13252531
1232514542
5111
15
32
54
2414152132
22
2214521454
4312415311
3421
35255341
24
1112323311
24254312
35431252

13311351
552551
2324511325
3313
2423523554
244424
1321
234551
53
231353
233431
44432552
5451411432
25552412
125423
31
4452
1514455515
151413
3223341413

415134
24142242
311525
4441
34
1131132552
43332225
5345254123
44
1211234514
35245334
41214351
42
21
5111125231
21151222
22551151
1452
54512423
12152113

43
13
34
54424342
12322315
24
22233442
53245543
52
15334344
21155334
5251415141
223532
1133345534
52
243341
52
15
1314
33

