155543
342154
45444323
441114
3134
222343
455534
4121224241
34
1312
51255141
454415
13
242513
5425
124342
2334
433313
52
25

111452
54553235
53411241
1312415325
3444
33112554
1553
4234442412
4254333231
31
2325
3214433334
4331
25
1252442231
3324334323
2343441355
313251
35345124
134422

11
341252
415115
4325
234153
5524
543134
3225
23
1441442423
42
3152
54
52
13531153
53544454
4325
5345
22332253
332235

14325325
2425152141
324232
52
2514
333255
31544225
4355
2332532214
145233
5554
43
15251514
53
14
42345513
241432
45354544
2543441555
31545352

34442553
3513311133
55
3345352544
12
314353
535425
35
351112
555244
251535
3141
4131
44322532
22442444
5343
254222
4351
2145421114
2315

