15
545545
4131325515
5421
2134515242
44
44
2513234553
25414411
13335231
35
31345541
2221244434
413311
433141
43212423
25
5315553253
31
33525122

4514
5545215235
3111
5214152352
3223
212455
3313
34
3414
21
21
3115145444
3513
242125
15423435
4215
4325343534
22
3451132552
343534

41532433
14415354
524424
2555155145
1114
31
12225554
54421344
35
53
534512
53244211
242522
32212231
4411
341411
4331
3524513414
42
441535

55343513
11
433332
1151153154
1123224454
1133
33544454
2421
44
5322
2435151225
24422553
51
21135554
2244523154
34142535
21343132
525543
4523115543
224425

452141
325524
543534
13
4325413132
3223
3113
13421325
5543
134413
223513
5214112113
43232453
252255
14
4413513233
53344225
54
435125
3233

