21
21
4441554344
4432351544
3345
324443
4555
51
2152
4553341241
1133113513
4533
53434413
45145244
3345
5435131441
434254
541254
2425411252
4323221225

4155452345
545341
25515451
555221
14151252
5431
42
212442
51
21
441133
2525
11312553
5543
5231
55
5554124551
2325442235
25
51

2541232233
14541411
22313255
1225534533
31
53341215
52124335
51342315
34
5435412111
25
2514111215
541413
45
1321
141314
1243532431
1211
2433
1232

3425
254344
3141122533
422451
33432111
22514521
1425
112315
435341
11
254213
523554
24212242
332431
31452113
111254
243311
5221242311
1555522311
52

45533253
3324
2223245143
43532525
311551
5515335214
5122424123
51
2334
43
43354514
351321
44
21
2145
322525
2223
12
5313
5255223532

