4222
22
5225
55
14152311
152513
1344522125
253343
54212523
141535
33325154
223341
34253212
25111215
222111
5431241252
2253245132
4544112152
1553
2522

54513233
35135534
1144412113
4112115524
4355
3525313435
3313
4344
315235
1415444531
1422442531
42113324
32
1155
3352354525
3541235433
42
1454
41
3433543145

43
3221435152
454441
225554
54312442
4241352235
235253
1215
13334144
2525
5242
53
2554
5421
3532
4555
2532353453
14542343
34212253
231533

252455
14
4425444323
3132
4521413125
152122
545545
5231
1213511151
53
4241213453
53521422
41535435
1411254153
2134
43
431211
1544
1452253442
514125

232435
42242113
2242
532235
5152423221
215412
2552144533
5522251112
314342
44221215
15
3453
12
14
2515252214
23521413
34
5442
444333
5145554542

