55112113
4353
35251425
11255231
3141
22
152113
3453
21
254144
1424255431
12
42
5354314523
12
1432
111211
2533254424
2214
1211514142

33
23542543
41534142
21
25
21
444114
31452143
2531
1224
3223
4434
321254
52331542
354312
314533
354144
23
21322132
52

15313455
31
42113311
344211
2535
21
35
314514
5322
4325541452
345354
15
11144542
53
5111
43253414
334144
442221
4424121112
3324125255

1215512225
23
14545134
154445
245322
4342223343
1121
35
33
25
2143
2412345554
1535412315
45421512
21255334
15
5214152534
4144251211
41
5435322343

2553
12
5134141344
252525
4234
3231
213255
23524445
24
41441521
55343525
11353255
35252554
221441
1121324254
522341
45
34
252522
2431

