35222334
1133415543
22235235
35
353425
31
42452111
43532533
2132
112334
1112
5532
3242343554
134411
545322
2442
53
31
552421
55133545

54
5233452124
5444
33545352
22442533
2111443212
354312
31323145
412525
131425
4123543543
22
112354
45231344
12324422
1553
5552551551
332514
14
3334

5244341224
43
41532251
5534512555
55412513
4131
31
35414222
13215442
515412
21
5111354555
23
2554532251
4234
2251
31414422
41
54441153
53152141

134243
4551242143
13144523
5541444355
255423
4211
1555
3313
13
413115
1531
2313533225
513223
2325424553
3534
45551314
55
333423
4225
43421555

1434142255
5341
15234114
35134434
4523245545
4535
51451213
45441551
53
44221411
34
543115
114445
2525
5554352453
12413522
22
32254123
315242
1225

