255451
1452
45351312
354553
1245
153545
5244
442214
35
53453124
432532
22
454254
3235
3141
541413
11354333
1222353233
5134142214
515233

14
21525122
15421523
31
1425551325
2115
54
112315
45532551
442253
23
53244445
5251
53132154
15
52
15331123
4434234514
35
51325352

24234142
44
55132154
5244
4222
1125
4432
45335412
143235
31322311
1523455541
11514535
33433525
41
24
5431
1222331112
4434532451
4425
54

1555
1211352223
4411
25
341415
32441523
44
1452
54
43
4333221411
4555
25225534
3423
3554
15
15235242
2154311123
51
554151

5143442425
5113
255134
523513
1151
31432515
13212525
315214
21341232
32
3225
1245
15
254411
2535432513
13
2444
215255
3534
52

