2543
41
222345
4335453113
5244
2525331135
513455
21133324
34444531
141135
421535
21412141
152334
41254112
1415511555
2352
1121
23245122
41212412
1441512544

4224251542
12
554544
2511252435
5113144333
4225
3214434454
34
25212253
53155524
24552533
14
124153
44253525
11235242
55
35
2141
22
112152

1523
231535
3543
1512111245
32
131452
4131413322
22333451
144135
14151224
34
11552544
144331
1224
1321414424
11
433524
52515431
5543
24214344

3534
43
521432
22553425
55432345
32254514
5115
3455412113
13
2444242541
1531
2552315255
123214
441144
44342145
4131
5322424312
3545
2555253515
3412112134

133343
2231323134
1355455343
252134
4312
35112143
252152
25
1523
12
2541
415515
4512
1441
412132
251425
5442112124
25441553
25111215
431213

