31
31
532453
3322
434411
4525
1241551551
4254554142
3541
32331553
53
31
21
33243522
11
52251521
3343
2553245132
25
15

545345
13421351
35113115
1351
2522
34335235
3554511321
21411432
15122533
21131225
1155412532
24235212
511553
2141
25
3221112545
4525415534
13144125
1413
11

24333412
2315
13
241211
2442
212444
5143
32353233
354123
555231
2554
13141155
2543
1112115315
5435
3313332555
123431
51
5154252251
31343132

242545
24
43212551
311155
33453524
22
5421542141
222113
1544
5111424325
214333
442212
5522145425
23
425425
144144
55
1422
2214
4215444153

44
33
33453511
22
24
25
5435
5513441123
2143
221254
52
34
52444551
3525
242315
432354
1351245354
1521452543
3453252111
11514551

