41331512
44
2552511544
53
53
31134413
4512454225
5221255524
4125151441
32
52
43514312
2322334312
3124
22143433
4454121544
5115
452134
435515
2444

5511332444
3525145453
12
3141
113152
4123
512535
444131
554123
2325
34332414
14131452
54352412
4211
4512
422444
442514
2154
133122
4155454222

3421242522
4312
5343
11
5244
55
4225
253111
4335
31
443421
4454
153315
454224
1314
5511
5412243325
54442525
312544
4224142431

23343152
4114
233212
1245124512
25342134
43214131
21542145
521434
434443
455124
2253
51
1243
34
5455
25
35255325
45231121
551533
3532

13
112554
11121321
4424424153
5325
5433131224
34444312
313231
35415545
24445421
3154
4312415154
3421
4241512242
55225143
2555322522
153122
434424
152343
2223413334

