4531
53524245
41
2455
5134252244
55522511
1355
212542
42
5322
2453
4224
5421543143
24
323513
24
1542
2113
45
5453

124551
3125
4542132534
24
13123425
3511425425
4211512521
214353
1254425223
2132142212
2111
45
113343
1144
25521232
252313
4133
14
31435525
43

3212
2313
542343
1112344254
153552
431413
2512154452
13
45
5421
1432
15
43352231
5534234123
3354
2544411415
4525522322
11
3253245552
15

5423
3132
4335
5145
4114
1445314135
422512
511112
14155325
41
343543
3212323134
5231
2113
3223135352
11251121
2134252435
122425
512414
53

4445212251
334131
122423
2125514351
5522
25
113524
135322
15331551
33222152
45141544
14225352
4133
42
3324
2421
31
31113313
3453
352533

