43
115313
543313
25
13535244
5324
221245
241454
131245
15355223
12435132
3223
4424
25
2435
33
12243143
22
2242
23324411

2212223145
4512415354
11334512
124355
424155
51522145
34
34351531
5122444155
515233
3125141344
335212
12
513221
3352534514
21455325
5225
445242
55152332
1135114222

22
3442521245
453322
11533453
335451
2332513233
335433
21222145
25234351
51113322
5433244213
2544452325
134445
32
3412455134
243354
1153
314512
3145235444
2332145223

534125
33255154
3233
51433311
5251453354
2451225352
2231325524
45554533
234351
441114
25
53
5111552514
122544
42223552
4114
5115
1112321434
5214431441
152124

3421433324
34254521
2132422442
3525142444
1222
54424533
3513422414
35134432
1344521415
52
3421522134
52124123
53
51
21
3145
45
34532542
4241
15231125

