43
3235
312214
3322
1353
5134
3251
14
5313
3421433141
32141123
425242
5525234125
2322
151215
4544
25522345
224241
2414323145
1153455532

25
2535414445
5414453545
2555153322
2553
331125
31523525
5425
552533
2332
15
3414
2152554123
1222
542125
3425
354325
35253154
4323
31543124

5414111445
41141333
14435524
1333
5343
4123343311
52
2242
12
23543113
2523414413
34
41
5412544243
54
4553
232442
44132132
4335
42

55
3524421314
5141144121
12
1411511121
55
5325
2233223511
4112133143
153311
25
432343
413343
5435
21243354
54
2521
14
3154125423
42

234125
35345113
32
32
4144321215
41
52422244
554153
234533
3154232444
5124251351
51
331335
5143511531
3524424333
5515
155125
4151543525
24254553
235244

