253451
5325122455
552225
5545
52
5235223515
1121342511
15554325
55
1232
1351245552
11
11515412
2554334131
232435
3552
222511
24125225
5134
2221243332

114443
22
11253225
5532
133513
52124135
12454422
15
542134
43232421
1432
5421
21
21
514142
334353
122453
53525313
5231
5324251114

51
31
423435
231325
255455
55
2115231525
3132
5425135111
343524
11331331
331125
122544
211133
25415145
2235
53133311
252322
5423
3313

32
22421314
5311
152354
3425322524
3231415132
22212555
23
53
4211253433
1243
54144353
44
314344
1243
3423455354
11
1314
31
25

1215422212
2324332425
3115511535
352214
23454241
43534125
35222145
343324
15335444
1254211355
53115141
15
13355225
5124
1521
3345
5214115532
2453153115
41
414424

