122414
235251
42245532
13
3431
351155
1452252425
51
23112545
3435255141
154434
345113
5444252332
54125233
25
211523
55113143
152313
3244
2134

542134
52
1325
14
311112
4252351155
25251411
5212
33322154
525332
54
151254
4331
1254533221
2322
3242433513
5444154413
25514542
23
55323143

32
43554335
4224
1533454413
22
13
5442
42
531525
5124551133
2134
2251224254
132143
41
15311535
2345
2531
55242543
2233
21

332231
512242
53133343
3242415315
41315412
141355
423214
551123
44
1215
5435
51
12
35
35543532
5444
554112
3543
3412151425
341413

1131
2124
54511155
255255
12
2313
5255343345
453122
13531353
33524245
3433
1443121544
3532
45
24423425
4213124325
3124442455
12412145
11424553
23111243

