51434454
5451
31
4454
455132
4335
42
5124
131425
43
1151
25
3145
24
4144343524
34254135
42
31415125
4314
2152

115332
5425
23133313
3212432111
1323241243
2442
4424255214
5141124335
2122
41
1535
14341234
1131
334514
144555
5152
4144
2313512551
511525
2315

2535
533453
2115311321
33415522
1514
5122
451424
15
3235112132
24
32533442
55
12345322
43351512
2152333423
354123
23152152
245125
52
3231342554

5442525324
41
4531341415
4314
55
33222513
153324
1133432525
32
45
4123544425
24354551
5515314521
441123
4254512244
5513
41553221
51
42
53323122

1344242124
2525324441
43
22
432124
152113
43
522524
22142542
3145
245522
2251
145425
31524252
1323
3522212523
3313534155
2354511144
12435125
2525

