34
111413
1344
4434
22422555
1452313251
25344415
4344
2315
3242252115
54422553
231321
53525515
25514133
12
1241142233
355235
1415354153
424125
232521

3324
22
4512542543
15
244213
22
24444355
2143442535
5341
2212134445
1553
531525
4252
5253
33
5354
1121413154
525154
3455223522
52314344

2352424344
3315
5255435115
24214342
1432214142
12
551151
5311313221
3154
2235132554
45
41
43
22122442
4441
41531514
2152254312
33243111
2453412345
131452

15
3212431452
112145
2242
31542125
1525
333433
5534234542
425235
33245324
15444353
4424313455
12254225
3431
3354
52
2253
4225334112
44222532
1535223152

4155
311121
425223
33545152
4333525525
3242
42254245
43
3212
25
1434214342
4215
4525431411
2255115345
52
25
255313
243115
3251
441533

