24213414
33
441323
2143441555
1252
2523
1243
4135225545
3251
441155
3352125453
354533
51133152
415315
43
4353115132
132134
4342435511
545124
2435

5524534335
2322444355
42
5334123423
1454144525
251353
14255511
1542415152
1335222134
5435
55
552231
12113145
325132
1144134254
2233
51524211
1344415115
3451
5341

431411
41352433
35242511
4514
144155
21
1413
1314
2525334151
44522541
412343
5442432341
22142514
51251425
5253
21541224
2455223154
22144544
3132
5412

3311
41352244
25113532
2455
23
1211422221
351123
53
233451
2534
4323
3132
341232
433334
3221344424
4353452132
5225
4441121544
232542
33

44545311
3255
144314
3513145412
551544
2322
155341
541241
225534
43
22332442
23
51412313
25
32
5253
53341441
1542
21323534
2514

