224243
521454
32551321
31434245
22311144
23
2315335421
3543254331
12
12134424
3414255543
5251
233214
2513
43
221434
43
52234155
122514
5313

13
452524
222524
5233111252
1353
51455324
132522
41423231
21225543
524213
4312342315
2235
55
4425335455
44
12453525
4342
5122
1142112511
241234

2553431413
25355235
121325
2311
322311
251234
2421242154
222332
2435545313
41442425
251553
4434
11
2223
35545152
5244
44
4243
11514333
3354

344415
15
1323
251553
123231
51
12
1215
5435434245
1125431222
4525
144512
12
2524553455
211314
554514
5341
435541
25422221
21545154

45
25
253332
543311
2533524443
11
3231154213
13531512
2513353425
42222525
2223
315425
3524254314
3541
4151
55525132
5235243534
1555
25254434
13

