32
1114224245
1535414213
113115
132315
4523413322
413125
3425
44541225
1114
33
1245
4333
1211
25
32332553
4215
545124
13533453
312525

142521
554544
4434
4533
3354
34
52
345132
1325454434
1335451454
432511
2455
4413144525
53241224
11
15332531
2324232435
312553
3143
52

133125
43234525
5111534321
44344245
1135153315
54334514
35
2325234314
3354215451
14
51325145
1544224454
52213435
55153534
1323
2332
4121
3341351521
2354251544
5354

2253
21523515
32314555
33155524
1314
4241514325
25
55
441144
4241333451
51
2143421142
53342122
2414
311553
2345445435
14
44
253425
5325

4351524213
52212231
4432213444
55243122
4112545152
3435433122
1333
551133
1441231125
31
2525552423
1215314114
14
2154311355
12
2143312535
5124354544
352242
4245234131
42132113

