5345
32533433
2324
245141
341225
3233
511135
2322122421
331125
3513
1535
5125425242
3324
1353
53255115
22
241234
41332235
5132514314
1425424331

2111352514
55545134
2544
424323
512514
551542
512431
1413121153
3541
11
22
2244222143
32122523
121512
31
1225421523
553212
353244
31
3134315455

5115422444
232423
141525
35
5532512523
53
124344
2354
13
5442241245
115334
54513455
5141
22
4355321454
54235435
25
14
254525
35222134

22
13
2225133125
11552414
234335
5124
3233114454
13
323115
2444
21
3522515251
25
313251
353412
4432532451
42135552
2423133325
13
544215

2433134434
454215
5233153545
32252223
515412
53222525
4144433143
4325344445
11312435
533225
3152533212
2332
34231155
51253143
15
521245
45512555
1413
1151
3515442453

