143423
4241
415325
32331314
4222214314
42241415
4342
51
31
42
33243113
52513455
354131
21322115
4325
14
423244
21253552
22425221
311135

35152541
1114
33
2154
3253
31414422
251454
2233
25
1422
4155432113
52122425
5325
155152
522324
43
2535321432
2521455534
45234314
5325

2553252341
32
2431
23
211131
21
512544
4241331331
2152214542
1234
41213225
3315
22233244
1211
413122
224234
2531155325
5453253313
52355421
3534124133

2315253412
554323
533223
2511423435
3525534312
33543311
5235
2552
43214153
4452
523543
2212
55454232
3433
2124141342
3143422544
25
3352331521
212225
2545

11353412
2115
1144254445
15
151211
2231
513231
2332555425
2352
113113
1331
33225522
5451
1454515431
444144
14
12
1443
54
412332

