245522
41
4125
4443423444
1211532453
55345115
5433
55
33
4424
131425
43
151432
41253425
42
23
3554
54313412
1434
525345

4335
12
55
3322
1121
3154
3435
31
44
5515
24424155
14
21
21115513
2455111225
115511
1335
1232
115122
15314514

55
254325
4443
1314
14435134
45
5414
232451
2341141114
2352
3442321441
4523325341
344434
32
11213214
212225
2325234521
534531
51452324
521234

41421142
25135352
455143
4512
121135
55112343
114211
343324
45535253
2332125235
121133
31
33345324
24551551
3343
54421135
14
2532515421
3552
3214

5325444144
14
25242341
45123251
443212
5115351155
2115354525
1234
13554331
255435
4252
2421
232512
55322125
1551
5332335231
23113113
52235212
314533
445214

