5134
151415
452113
13
5251415325
45
242145
54314553
5343
54253444
44342543
11533453
55322145
1553135311
1553
2515
1321
145453
14114241
244234

2251
122444
2143
22213455
25255552
32252455
554512
31455541
4542343125
4351
3552351321
1222234512
5543
15
1333
1234
41
544415
324254
54511544

125453
314151
44413354
43
45
22315221
23
53415113
432522
13
13145255
2545
1135
5334
3453
2122
54
155345
3414
55135124

52
25314321
42434222
45511123
232523
21
2341
132522
52514144
351342
31435145
452324
25
1544322145
4514
4215
41
2231
5311334344
255251

33243122
34233435
2513
24
52334135
33
511531
2324
152134
4353
23431413
11513212
3522
2221154254
43212544
51
44414434
45554153
331344
2322532533

