13233414
421531
5334
15
153524
2214222311
2444521432
45
11144555
23452132
45422533
2524311531
254521
554321
3511
11233231
55
5354252455
441555
33

4245314155
53
5325
133325
41
25
453352
43512425
351155
44
25
1252534353
1224333455
14
21
552423
4422144514
51
23
1213214323

252553
5154
5221323341
2421
4245
4131131243
5444
2341
2553415124
54
43
5253
3552
115345
54253414
14
35
51
2143
25555255

44341252
525315
4155
1452
1512133122
3431
31323125
15144112
143223
442421
14455111
324443
1351
42
3125
54
52
2421132315
4131255122
1514

31
33242115
5444153515
45
4512
3154145414
23
5132
1342
553433
55255554
45
13
2233134225
4544324225
253543
1125134225
32
11251335
422244

