21222522
54424351
2334
54
2221
424151
21
354553
442544
4411
154211
451241
344252
1312
33
5545
11
4353
2152
433532

453541
24
432152
4114
1215355425
2515
1153343334
15
13
4355542354
13
45
2212
25
21
212412
4243515235
1215442442
233244
21

421135
12
4413
541225
54
24554142
5354352521
55
251135
31
1243421544
5125354355
31
534555
35
14222532
15
4342
53112345
41

11
4542321234
45445214
25415341
32
5233412111
5223543554
433545
15421135
1211421125
551355
5324423233
33
253414
21132154
3225
3154425225
351512
253423
5545422433

442251
3552231155
5341
5255
2145
244422
25234335
3354515414
31345141
34142542
1445334523
31525552
1533
314523
23
122253
25
1432215414
51
354551

