42
31451225
545313
5255
35243332
414422
3242412111
3253544213
2533
5132
25
52551155
42345141
11554525
53
332412
1445214335
12
23525152
41

32
3244
5552
24124555
1424
41425451
2524
15511331
2522514112
233455
51
252253
55
2541
43
435552
5231342311
5251344234
45
5231135124

5421325354
1335244452
4523323343
434245
435313
541452
11532442
31345545
41
2251
2311532235
33431225
34551533
4224
41
32
24
2251545311
4551523152
1514542334

43314521
12541443
3233245545
134432
3414
3313554133
51455543
223511
24555421
44414232
2535225113
455513
52231335
12154425
414452
15
4125
551533
3524
455332

32
3421151425
24512251
12323354
135524
3242
12521422
34
34
3244
355233
5115554323
3313212514
144325
232414
14
3311
5225
4411
5423

