452111
4344345515
1151
5513
22445233
445442
232551
251553
55
2541351312
25
51525334
4125255154
15
455341
5431
334353
512414
23321234
3225224452

3421433315
132534
11
2212153122
24
4114321234
25213412
12
3345211353
25
3125511331
515212
2113
521225
41
3231344232
2525
12
42133124
32555231

44
21
535444
14
512421
5113
2542
214342
335235
5332251323
552235
3315
5223154445
224232
5251
5545
431424
2544
2315
34423453

2134443235
1225
241234
5251342532
4521
3152552214
3354
54
4112223525
15511135
53
35
5334315212
311121
21
3345
2233
331535
33
25

55132324
34
13
32
45314542
3354254314
12
55224252
5453245115
34
22
541445
25145235
55
4443125425
3115533231
31322325
153352
5214523132
5451

