155132
245152
13351325
213442
5525422444
141314
353442
312525
5325
4535255554
45
1125
5511333451
1441
11535244
4445254531
2154
54251525
5552
4142342325

4514542111
34
452145
5451323313
43
3231
442233
232553
1224
25
545552
4335324445
1323115134
54251135
331525
12542541
243122
2525
2311
5431

553231
23241441
2233
531351
4252314153
5554
5423
51
51
552555
44
35
422425
25
315221
5111551133
4445
4135341215
43352421
1252

45
3435
21
2354
13211155
3145
344454
1144
2322121344
35543343
5235
1234
22
1553253122
15
342354
523354
1321432313
3225452134
5242323343

2531
1434315235
3341351144
1424124121
4225
43252233
3513214155
44151232
24
4125412132
324452
4355
44
51243541
322132
5444
141123
51
23111213
45

