11532421
3122
5242433554
1351345145
2435323125
54
52
15
34254355
33
21452145
3242
2343
4155452341
52211535
55431252
114413
41333251
124553
35

21523515
22351144
51
21252515
52421514
3143333212
255421
53112143
1321
551535
355425
2534
11
244422
5255
51451422
114243
1335
5125
4531155311

45
454222
254234
11
155545
245511
1542135325
225552
1323
354151
443214
33415545
13
15213244
422553
211323
232244
212414
14253122
5453344225

11423255
4432231314
31
2143512551
14
33
33325554
22
5421545325
41333433
53
2532442435
31115511
5244
33435154
3435413315
5425
511555
55
5313

54214353
51
5515
413332
52
24
5425252315
3221
5315
25
1135251213
2525543125
54142444
5554211512
4452231151
254142
122231
4213
1331542522
152143

