54531342
534521
33135543
4131112322
5431
2532442531
5543
433325
25
4542322532
1555
334344
33432524
252154
52
43
3255
444135
5125531144
2134

2555
31343513
324215
134434
4355
35413343
41332225
21521445
11251531
2132351535
3341351355
4211424344
3352
542324
4535152552
24
3221155125
112143
155554
4114452541

225115
3251253354
255552
24
1523241252
112534
4331321215
151215
243324
152113
223113
4525
21
4243214535
5554512523
2552511523
12322111
412334
343332
3455114213

41124135
14
3113
544452
242124
1523135134
1321133334
11
452132
5235413515
52255433
5541
2514111241
22122214
354342
123435
5354
2244
3525123235
231344

2534
1351
512435
55343325
522124
4144224222
45
5455
4245
4131253141
1553135543
4121452332
3225
531351
51
23
3532
15253253
14245313
242515

