2414521432
15
45
1353
5134
34
431245
115111
15
32
25
24441151
2115534355
51413132
54441523
5554332435
234312
2515213251
33525543
3225

51152143
45551514
4454535253
14412141
15
115511
3212
4234125435
2354253212
254125
443425
124114
3515
43
5233414411
5442
44
2511531535
55253134
43

3421252141
5253
441155
53324252
41332423
3534311325
514312
254344
3332554512
42153541
52255212
12244454
4535
3532143235
424353
42413352
22215444
4224
24
1542

1252445225
21255334
414225
432511
43
34
43
3242
5132
112543
2523
35152111
22234331
3325
2433
332542
31244222
25514351
1243
25

22233435
2522
4125243532
2212
14545124
245322
34
225113
24333453
23221254
541434
5235
21542345
455352
32533421
212444
53433534
5455155134
1351
512531

