42
1441
15
34214153
231351
2541
522343
1333
51412132
54423455
12
554353
5524
41
11
541243
2253244454
2421411452
5242223513
544441

1355134413
251243
54
5412155334
223345
25
242352
345345
41213425
21
53112522
223311
343511
5225
2334512242
144551
2125211325
12
5111
4351

12
21524213
13235233
4243
4121242113
13555435
25222352
454422
115141
4533
35452315
2455244243
5425245343
22311333
3125331144
31411213
4314
51412311
1553
211144

1443141335
33153145
1131
33323332
325354
32251512
143223
352525
3354
413322
15352442
44223332
4342412124
1121
142425
53
25
442423
422425
5311532551

5552
435141
542124
3433453541
22312425
51454413
4514245313
22
41
25
22354331
21
14153315
25332451
4215441135
511135
2552
1551433313
1135
12325524

