534551
2524
54
4323153125
1521
511512
14
42
5334
131425
3444344432
54121555
4232
52
323332
15214131
31
3143
413332
525111

5233132545
13
1531113341
45
52531125
5322533214
422512
5354
13
34
4521413111
324413
3231112524
15
54214331
3522
4125455341
4331433545
2551244422
245515

24
2444
23
51155543
45444521
42
5334354521
5354
45214525
251351
21113311
133552
3214225315
4142
25
534512
4432532531
2522
52
1312225341

1344
2313
25
13
5414
1434123425
31
141153
5125
3433524441
13
22
1544342515
4333
14522352
2451
23521234
1151251411
1333342525
32214531

53253524
34512414
4254143223
12111454
1123255334
15145423
5515
2423
3154
3233245543
15233251
51432124
13553433
1443314355
1413
243154
2451255511
455534
32
253534

