1323243354
133513
5242113125
54333433
3532
3455
25452152
5425
4445513214
251123
42
25
31
252414
3343
2442
121551
35
31224425
225125

4125
31
2515443221
353214
2322
322534
22354325
35525115
22
345511
24
54
341413
221232
5451
12
1441422251
334123
35
3511

15331555
144155
4432532542
2343
2412
31
21245134
542324
4533413332
25
2251
533225
533223
35522532
2253343313
321441
5235
422542
5322333221
2145213214

31
31
1441332451
551542
51
2522142425
53433534
25145214
21
21254432
2444152525
41251551
51
35
5313
2433243324
343525
52144321
42431425
24

22124314
42325525
431454
2225325322
5225
5141422521
3313
133511
2453
21151454
45
32
34
115343
41
112132
13
34
4123
31
