1531
21
44221424
25313255
44
35
44
1432422525
212525
422531
2524
3223252122
225552
322122
132125
11
245354
325125
341224
452511

45421133
1215534521
2325
1344322554
343115
1342451411
4351
14
35
23
255253
5143
1544455125
45211542
21414452
2451544441
4342152152
543111
32251553
5543

1312
35453315
15212214
5152515214
5515254551
2125552412
335442
1243
345532
323125
54311135
21
2141335255
5541353433
44134211
1314115125
1144243341
15333444
2525
52

134213
4351242141
251252
1135453354
45
4553543552
5244522134
41311112
5343334123
33
144112
5511
451225
34314335
444312
51
33345352
322534
11511123
551125

23542354
41
22515421
4252254344
1415234542
14223543
52144142
55413534
41423242
5532352453
5125
113325
3251321245
4344
3134
4542342525
25144355
1413
32
4314114241

