135334
5253
5545535214
421553
14
35
53
23
311314
4454
15211314
212251
513244
2532
4153252511
13
255113
34
4135114254
2523254422

41
4533
23
21
4241
453534
4135
53244211
225532
222534
5453
2132
22315225
44
331553
333225
3345
1323432525
3444432124
2514414243

3212
1215424321
5113334525
21325334
2214541234
34
34354325
33451225
2542153122
32531321
55112334
3453132343
1133433152
1133452154
2425
5332
1512251413
252522
1342134211
323124

15122553
51
5141352535
5311
32
45
3244244411
4514321411
54
13
4544453341
4555132552
2221433532
52331523
5113
4551321411
321441
431232
34315412
1415

1544412125
11
2433
21
4215555421
1234335425
33
5552
24
2542522313
54
1353112143
4135543513
1121133545
25331321
1245
32214353
1411
343111
3423

