352542
444555
5541
52
3255
3345
113354
4323522343
1312324252
11551314
31343354
5253151411
2512
33
1443
22444333
3334
2425432522
13231325
55

2541
4542
4424
4335222545
3421
53
1215
1533
5554351331
21
33542524
4135
3524
3421453554
113543
22
542352
24534142
51242332
2223452545

4131434224
3253
14115341
153341
11
5431
14
55412125
4131222115
22211523
42131452
413113
1131
334351
2145441351
352255
31
2341332512
44
2522142244

1243
34533455
1234445423
235431
211344
14
33
42255311
325341
2523
31112345
32424551
334544
3325
155552
25
131411
224234
45442425
2141

343311
322334
3414
3532
2542
14
51
2124
1325
25
53
25542524
13445414
5324
54
24121121
35322534
3244
14324225
24424335

