22
13512542
53
44
21
3115
4135
1215
2414414432
4355521415
253332
3225
35
2534
22
34314523
5541424342
12342543
25352423
3313

43254353
3354121131
21243111
13355414
2325
3242542152
2512525554
451445
2412
44322143
2233
2522352225
1234511544
55343345
15
112532
1533
33
535433
42114225

325345
5455
14
1215355444
42
2125
2423432545
4144244452
15423212
4213513212
12435534
253322
15551512
51
14
35222534
5235344234
4553411454
25444321
55544254

1521523141
15534533
554325
42342313
15253431
3554
43
5231224222
5255
42
2141
11
153554
225311
154211
22
4514
25
14132152
25

4512
2315
52
5221
231344
51
33
4224332253
33112122
4133412513
1142
334344
3513422551
3124534312
213214
2345
2225
31135324
3244
12

