1432142233
3554
24144523
42
2554
41
5414
4411351521
33342113
542511
24444155
3125141535
3552425444
2343
11
13211344
144555
552212
21
53434234

25
32
322111
2442
1241
25441151
42432545
251454
254452
225143
5435
3345314331
353225
532442
4254534331
2122315414
12
35113341
243315
524211

24
11143412
12
442442
3322442544
42
2532441133
2534352425
1243
431452
245341
3235
311333
25
1234
2535
25243543
32
1342322325
4153324252

5253415545
5425411224
542322
22
2542
3311251551
5113143433
2534
322541
13312553
21223134
25
5433411411
41
2433343345
5423
14223324
435115
41
254225

15
32
4153322113
135315
322341
325522
52
13
2542543143
343345
253134
3455
233425
2145
1314
53111234
45353225
1213
1131
44

