21541454
3425
2124513433
513255
143221
55431232
25313212
44
232553
23
211131
51415125
454234
4521452154
4335
4241
4133
55545113
325324
5412453543

1135435345
22
2214
25
14
53523124
43
41423225
3154333425
51431422
2451
3552
54
2221
5524252533
31
35151443
45315442
23454243
221445

13
4531
3545
244411
25
2451252115
32424523
145233
334544
14132354
11
11
3231
4424351323
51
5541
34514512
2113
45534331
312433

5515
1542
51135524
5431252315
4131222532
243343
11
4314223125
34
4125
2152511333
144153
233251
531133
33155152
4131432341
323525
1323133152
342524
135541

24422525
21
25
3513355423
14
21
2113124151
125414
5513355251
144551
44135141
1342
14
511144
42
5324511355
31224411
5212452532
22554512
44

