41553453
33435332
5414112311
3451
5115512531
21222154
4133
3525
32
325115
25552214
14223111
1131544245
34444125
125235
2124444312
5124423421
122414
42523543
24535251

31224215
4144
44245111
43122212
1211514123
4215
321441
4133451443
45554144
53
3534352525
12543141
2535322343
3255112115
2542
3345
45442444
315235
1413442455
33

3525
54
54353455
14
3515
543124
1533152341
433115
52
13254114
1441554351
51412534
1351524213
5235
53132141
5244222134
155141
5244
51
2141

52144325
5311
1535133125
13331551
3122
43314321
1213
4112153511
1321413524
434454
5231
21
234112
25
12253125
5412
511344
3532251114
2354311551
23

421133
51
25254432
24553225
51
2313212555
2554
542513
343515
3225411443
1353434213
3235
534323
1211
4112451224
115552
5451544225
5453
31455154
4512

