2542
3354
2255223513
13
111441
4355
5145
32
1314
23435315
24
45444155
352251
25155143
1555
551321
5332425423
42341254
323552
342125

252134
24
32253451
25
3315
15511131
5313335455
5132352555
2115
25531135
2352
11255423
55323541
4123345334
22
5242225324
43
11355233
335455
442412

31134413
2435252115
1125542534
22212431
53112132
1542434445
45314512
35112132
1533254243
54
43534353
55115311
1531
21
554523
2325
41122253
53
2343554112
14

445233
12
1413
25
11
4533415352
45
2433
234155
2334312535
4213
1342324225
1535521422
4312325154
2444413313
1342523115
2531
2341
342341
132111

3251
5545251533
4432
251213
32213235
14221234
4335415113
4331525322
24
3435
33525122
52
1521
4415
52
2551
25414254
32232421
5541
5212

