2124122442
2541351314
3552
24
15
1512
14
51454434
4314153525
34313233
5345
1142112311
4353
33
1454332414
2143
341234
41
431224
25124155

553412
252533
4245534144
33
231355
23
14
33112122
22141151
12133141
411413
32
25143223
5115313423
55
4411
1525
5132532425
2313234514
534321

4224213251
5354534153
33343124
225543
132141
2455432524
3214524422
4314111224
15
411224
432513
1312523341
41
255552
32331314
55
4422442533
2325
45444323
14151225

52142414
4454335423
552535
23543125
34
1144131241
3223325122
25311521
5545215423
4415
5244415141
41
5223224445
3451
251121
1425231335
51
3325443431
441542
5115

24
5221
14
233433
2532
3425341432
1331
335442
1243552435
2154354544
533255
515444
21322541
15
11354512
23
5154122231
14
55343322
2412153111

