52353235
553455
515242
2532
43255223
23
3122422512
1424534512
5352214133
21325113
2244133125
2435
1254
1325343511
11354551
1213231142
441123
23545111
1555433532
1331

441153
31
5113535451
5525
54351312
35
3143555231
3352212212
2111141125
35411441
4342
21
12
423233
551323
4215
1533
3543
54
54424144

4441
3412
4243
22
245315
521415
4353453522
1333433311
41
34
453515
343515
1321
511353
531533
211142
33
5345
4323
3154

52424125
1415145212
334551
31155341
2255323334
1153
44
251351
1232
524454
133311
22234135
53244425
1151
512225
5343232235
2345254525
4213533425
3134
2553114222

1553412341
2442
513225
2311214544
5522443212
21241225
253522
2435221424
2255
4224311342
53
14
124133
12525532
22251131
5145144533
21
5313
24332414
4432

