435545
223543
52
22533421
31432115
32534344
311335
12
422425
3143
322311
41515451
3154554144
23342122
54124533
53
55221215
1555522113
41
2553

422412
1234352544
122231
122214
2125552455
3554334525
232551
33
12
2315254155
1234353251
25
53521424
4544
31
334512
33
3332335414
42254424
32124144

3141314144
23
3352
135141
22
41553255
3525312431
42
1245253455
12255334
224222
15
32512521
3311532425
5145351353
1232551544
23
25225115
114222
1121

2313
41
15441531
232414
55452534
253141
2255412125
41
245525
5212
444151
14344225
3431
2115214121
233444
4243251551
25132541
5221
4452
2521

23
2111
543532
25
4544151424
34332514
1452
252325
2412
14
252221
12
33413541
4333152552
32425421
532433
4232
112152
13
3435241411

