12255515
415332
1333
2313214142
21
5352335442
42
2325
11442431
14243322
4525
25
33
3325
3242153122
4131
312235
4445553235
533444
44344225

2555
5113315244
123455
23453313
52
43231142
12152543
341452
1112113552
4331454425
2421343525
1312452115
52
13214151
1425
133522
15141335
44
44245554
151422

5214221422
2512
5511513225
31414211
1131131454
52445444
334153
351555
25115311
114225
521213
242325
1112
1211333451
3341
34351555
423225
355412
2322
52

5251
2341212412
123414
25
3115234542
4234252425
35
551155
3513441555
55132115
25
2535
23321215
4325221232
4155432525
2521345115
343111
225543
43
24313244

12325525
54252435
5545311125
3125253214
51
4452351323
1225
15551114
3545235433
31434452
2553
1413232553
4432
4342323545
22512553
1443
11213431
2334
34332223
51342322

