5522511323
4215352453
55
2111535425
2352142521
31415141
3421413122
32422421
35
31
5322122423
42
31
51
422242
5332515253
3154531531
3524
115543
11

13553235
12
21341415
323315
15
3431324245
525313
1131
35
2345554553
44222545
4535222532
24
45
25313431
2134531344
4441331114
2324
43425233
314535

4222
2521345132
254452
54124151
42
515435
3532
2225115313
11
135522
5221252311
2221
2515
5242
33
5341
22
255132
1125
552214

3124
34
3251115343
43
24
4155452113
34
45
4531
53434425
34
15254335
21
1454511312
3522252253
5124
451241
4135455325
5423321243
13

34312214
2522253442
5525212233
3543442221
14
1225
3442242122
3244
33
1425532453
2313335221
2354
4333112334
22
1323155543
1355
14
4254
342313
541234

