23
2315
5433
314314
5322
4551
4254
453125
241425
5431
1213141525
42
35
44545524
2431225513
4114152543
2242324241
11
2553
2534

34515235
143253
44
213221
5522
1131431245
2535225324
54
2225433325
25424523
33415345
134415
52313451
445233
551114
31
31
1454214553
53
512431

331314
23453341
45
521222
241445
2551
1432314551
1234441121
332423
3134232244
23323524
11
54314323
14413345
1325
35
12
355425
33414434
54515442

25345313
52423444
33132543
52331551
233242
5343554333
5513512233
1211531112
5322
11311533
55243322
2235
55133543
11
32533414
42
31
4443
4512131213
5223542324

1112151432
1555451411
25
25
221424
1553221452
32211512
55413324
341434
22513442
4225332542
253421
1224445451
12
35
12431211
2551
441325
55
4422

