4213
4144
5541515421
555451
51
4252
34
22423425
21524225
4553
251531
121153
5522334535
31322311
32
542532
52551544
554335
44
424325

53134454
4551542143
451222
1123414241
24
11235253
5152534325
42153134
2451
4424511514
33522115
45
11351353
1411
5221
422525
2532144531
121355
212544
3524334142

313455
4411
3251325532
344252
3412
1254533425
5115552512
2343253235
33
213244
422451
2143
15
2521
211321
422514
1452
542334
43532253
33

21133332
13351155
1213
54
225125
24213214
21454452
1333
4241441312
3524
2451
1232
545341
34554544
2524312435
44
145253
55434232
15214135
3522

5221
55
21114424
4351412532
43425225
2115
45552225
442431
21112511
3412
2515
2212344224
5431324441
133511
241252
5253222354
413143
4325
5515
2251

