1355344443
52424153
33
254323
215242
55
514355
3141511531
33
4432125233
53342152
1135431224
13554321
53
44113145
115115
5451433534
3431
4245254355
2341234314

5145235421
23
2545311133
25415345
25531135
3343
3412131434
225115
1533
3525213451
214121
2141121525
14
215451
42
55
44113154
3453
5313
41

24
5433255124
1112
5345
2233342125
11254131
352544
42
215423
2152
112315
41
54
4335
23221211
411234
2233
4425
52
41511153

311144
1445
4355
31
35112345
3235114432
24
542124
344254
324432
4525
441551
53
553235
1234253431
25133352
135154
52314553
3324235433
422244

31135534
2212432543
5444521213
34
45231114
2134332423
33413545
11
52
41312233
55
3334422421
25
333414
35345154
3444453543
2514
2343514551
4215
24443435

