54
41144131
33243515
5255
35434222
15
43315231
14
5352
34534353
3532
45213453
3541
132343
5233251445
4531223154
25
41122233
123435
2145

15
1535
531523
1411
43443423
42
55525532
25535423
4234142235
2345
2235344415
154241
5221
5122424523
35
14432532
2521
2345511512
553225
1232123451

354314
3322511355
3341
4535544424
135541
433534
153143
15
4125542122
24
1114
44
42
51
23152541
15315455
2513422425
1222
34512223
12415113

34
542341
15254114
3124143242
232412
1432555225
1441
25
114243
4344525525
25
5455
212435
5545511355
4243142221
14324432
43551544
23454245
5444544225
41231531

5525443412
5554
22235421
125414
511523
55
53453334
2231
141131
42323345
25254135
311142
2113
5421
53255532
5231
1422421312
215221
352212
2113

