25
45
32
2435252532
252125
5233
3322
4325522154
132524
32531344
33133313
132154
112534
54554331
2311232225
422251
23431411
3242322154
24554344
214542

2515
4335
3534
43
5242222334
545341
3235153511
52
2455
144355
442455
35
3325214155
44
3322252235
4413232455
2113124121
4415211121
442414
44253332

3433153334
54
3251132532
4112413322
1112135132
1125415115
224425
24252431
42
4224
325124
221224
15
341215
34
24
344424
13555425
21
552233

143414
2522
541432
43124335
51
33
14325313
5214
215221
1452445255
51
3352
45514153
2311124133
4452532233
14
253421
51341241
1323
21135311

4314
35242324
2255
3124
24212425
1222334312
3354553431
3111
4133
2324
5421341415
4144
534523
3125
524225
15335231
51542334
132124
4514243522
5231415145

