3444244425
1555433545
54122255
5352231342
353421
53243513
32144523
3113
4144
33
5332531512
21
3125334533
14243334
32513223
12345511
11124521
3543354525
124355
3124

25
3231243125
245111
411422
2235
3525
13
221434
41513244
3141441525
251551
14
14542552
522115
32314112
4452423433
14
2552314125
4424
15

3231254443
45
2431435324
522325
5433521452
255311
1325
4452444514
4215
11332525
212455
5532142221
333425
35
3354
15421112
4413
3253454454
252325
251415

32513251
14
534125
355423
55411452
541434
4353254243
22
3442
31
123251
33
4241425231
31252111
15
324243
245343
32
52214125
51153311

11232551
335214
2111533242
1422235223
25
1225
11513423
3515
2512
2515
3214151254
153543
2514413552
22213423
21343115
34
3435345124
343541
2435
55153532

