32233442
23
233433
23
53435543
5255454222
4123
551355
2145
54
32313423
14131225
343152
4155
3132124544
53114445
2244
33525345
434445
113545

4325
51343334
32552531
21322115
43254112
31412122
22211344
35243124
13141144
334514
42
1441
1355415324
542325
54313214
5345445253
55131224
43
5435325311
4114

255453
3315
2242
3125
342154
452115
41333442
1422515212
535455
42
5341
3231413113
54552423
14541213
15331144
554155
4243
54315225
2325332225
51134211

24
45
52
5231
5515331535
12133324
1551
14
31252322
1114
124542
2534443455
5324314121
1454
52
2414
25
2513511112
3352
52

13
45
1151
124353
55243324
34
22
24334525
12
53521224
52
1344
3324
43
2431
2132
3423
331542
31132141
11232253

