5552254525
25
44
42453545
2251524213
2544133322
13
545345
1551251452
415143
43335453
334355
3113
11252223
21
4422314342
42
233231
2313251351
354521

2111313231
25
214344
1243
15355431
55432525
54
25422231
534335
535235
23
51
25
2315213435
532414
314544
12
42135313
52
1355114234

4523
4232121325
2532532253
12452124
32
34142442
141353
444135
14
23434224
13
525134
1125
5154
2231
2143
54
22
525524
1121

42
33133341
41
25
115134
432343
45
4555132141
1544254252
4123342111
43
52253451
23
2554515223
55
21543322
155534
4144
2525234114
212212

2134441335
12
12412325
4521454243
45
41
43534512
214123
254533
1443233444
25434425
415322
114225
522315
43141512
1215
45
4133
12453554
3212431432

