52
11
4123222154
412354
522545
245515
45
453311
345552
412352
32
32
13
22424533
2522
4514
53
12
552244
2125

1353435341
15443214
53
351123
25435534
225352
2551452111
22
3253
14242513
52
15
2231
12
1454
131211
1542
25
3325552521
42

4254
5231
42
2343352542
3313
3431522324
5212
42
3343
22513451
421531
25343325
22
3442131411
13
34
45
15
412332
4514

3541143425
1225
3431152532
24555433
425414
535444
4434
43
344213
133513
15
24
1121222145
3435
352225
214555
123433
25112132
15
15124533

233235
1232121525
213425
3325215242
51
21111434
4151
1225
43234335
514331
2345
54335442
5143
4344132352
13124335
51322554
3451525345
1151
21
354344

