51223315
155515
34
13334512
21
4425
254413
25
2425545111
32123225
4445144312
12411452
323511
45
5212254222
24
1323
214135
23254252
1342

21455341
32442433
2322314312
14152543
4123
21252145
414443
5425242111
1331521222
25551521
23
3132351533
55243345
24
4144545534
133341
5433112152
3231253324
5433112543
4344412334

13
22445223
4422
25
43
241411
15334312
5332254142
2313354533
2354
11512433
5552
245554
24314525
253235
51254413
2444
21
23244234
113111

3435322145
2253
354525
51
1411
13553412
425244
2111555212
5122
52511351
33411241
34
453354
2444
2141
4533521445
5444
44433111
22
451243

154245
54511555
3332231151
2145
11
4342413332
1542113334
54
133334
2421343341
5425
14114222
135554
43
344443
32
224215
2251132545
45
32123225

