531131
44153332
13231355
2515
2423
5532
412322
11
153154
1342155132
25
54
4535
31
35
445455
121131
4411
1553
35543125

45442535
332212
212221
3145534142
31135145
3442344243
3233
31
1254212533
23
4245442431
14222141
253552
24
15
22234331
331512
5311312214
4422313431
4452553221

425223
31131413
43144151
42412134
4133414222
3423
44243115
52354112
42245552
43445212
2124
1553242543
325513
325145
1521
3532
24
153543
325313
2531241224

41
4342451422
3451341445
25
342132
41214544
1432
11
3421
55414211
2451
4241
112324
453143
25
11355242
23
51152543
4312221411
5231253132

2235543152
34
34315225
12115115
4321323322
22332242
1432
4533
4252
32553435
25
5513124144
53
315435
4434552253
25132525
52512542
2545
433154
4353

