2345214321
235233
333255
3352
45314312
4234
321234
2512323354
54
1312523525
45513214
554114
25345154
3225432524
453122
32532431
332223
31522541
15
2423

23
33
2345515225
5515551331
35
355451
23452122
5235435324
112541
24335412
2515
452515
5253411243
435152
25354112
4452422553
5324
2251132124
2244
14522343

5251
44455511
43
41
15
41
41234351
21
23
5511443253
35113132
243545
1531413124
3223225525
324443
5433
3541
2521131215
322354
43254525

12542515
221213
32514335
33412522
3235435113
3235
3543
114241
252545
523511
45443244
23454234
4112
21255354
24
5421221441
11
541424
15
43

15355444
552442
334333
3513555442
5122233251
25345141
2453
53155141
3455
53
51
1415
544254
3444152545
4355522324
54
32142251
31
421355
3313355453

