231553
551112
33114445
3233134425
1512
2315
2521
53323354
2444
5513
43215442
3145
4135243325
1351
2145212531
5541421325
31
42134415
4333241241
13235223

1224
4555455154
2514
51525524
3214
122244
4443355412
4424
4312243522
3221451245
13355242
311342
1225
43335242
514351
2332534553
3115211323
3511441335
51
51131211

22
34442551
2325
54211312
2341
22
45254325
513451
35
552244
12523313
15
22
4514541422
2542431254
323143
45123453
3132
52314135
25543311

521234
34
543315
43
2244112143
22315435
31
215214
443212
3534141533
3554
11515423
14452554
1353453122
2223244424
341411
411243
2425454234
345532
32254542

3324232233
2124
3451452315
135332
1531
31
14434424
253143
2431221443
4323345552
413543
54
34211521
554133
25251422
45
25142253
513435
14
33

