5515
223345
153541
5451113113
45
4342413554
1544
5134422425
3525
113115
3242
55255113
1512
4211
2225
14545524
524454
25252235
5152442412
3311514321

1245
22213423
553223
5141311325
23
3515235242
2143
22515214
4441233453
3132422544
25452334
52234121
3124
4344
12
53
354314
42225343
431413
1551245115

4112
441151
352455
355442
2522
324245
1353543554
252145
32143253
3322313412
55453345
15
41121551
3325442425
35433343
52
4542453322
32
3221
55

2522232553
42411241
115334
32
43425225
1413
32235235
5522121131
53323343
4351344443
3453
332221
21241234
1314222343
543313
45
1314253315
25511344
351533
124333

3511
4153
312531
14
23525554
1112451254
3453412522
3225253345
4151
4254125425
35255354
13553244
4413145423
31255122
3251
44543125
24254131
23154234
1342
4252

