14
2322443444
3132142553
31
31
51542325
325132
2531134452
5244
35221425
1331
3554315412
511112
55433513
24
3231135554
11234544
31543343
1325
1222

1544153143
2455343345
2421544222
221252
22142555
5552
5442
35323322
4335
3525
1344
3341
242525
43422231
5334
11534353
5345
1312431434
52
541445

13422512
234535
23
25
42
4254424535
5141553244
1213
324224
41354135
333212
551335
531153
4252255435
21411213
5451
44
1222143223
42221243
54

41
13
5231
35241222
5453323332
345515
545345
1112
2311
22211121
5541
11141114
444331
42411454
1123
353253
14345325
25
415324
1123255313

4531
53345124
322124
544241
2242
55343522
54445435
33
2345121323
515231
3111252221
2152
112332
4355434215
32
524424
15
2512323143
45421533
33

