35
44
14
35155152
224413
3214325522
34334325
33254415
15555455
51
23
512214
14
2525312433
352433
5132
41532433
3115534525
515253
5543

1553223141
342332
11513225
314342
35251443
3251455522
43
5444325513
5455133334
2533
2552125423
21244441
5253225511
1531
55252541
54
1512154254
22213442
35454215
111211

5453432322
411211
43443244
1225
5453115122
32354325
3532515425
42225315
2412
31524211
243352
321224
344425
541452
253341
323341
522354
54
2521432545
4551

44
53
3324234112
212542
5111
54233453
333255
14224424
4312
35242554
3212
12242332
325111
1351251243
41352521
55
3354555423
5132231514
51114432
2523

215255
25
3132334312
14
53411243
1125253115
1325523134
1121
12253132
1553542141
154432
43
41534131
1413333444
4241
541215
22
131454
2433
4425

