332453
35
55
42525552
43
431224
1531
53
33
33
511512
21
33431411
15554125
42523125
4155112513
5225155132
2225541434
3244
14

53322532
22
521234
11
4355
55455115
151243
2251321232
24
322343
4512225545
1323522315
52351144
55
142223
251123
12
44
5534
325124

4114
31452543
4153
5345
131254
2551
2354422521
14251452
1353242122
2231411222
325534
3212
4424332251
5324
255143
222141
4542
231321
5122
225125

243534
342511
32255212
142444
12
21134224
543143
15441121
14
233235
122551
3545314351
144133
2354
5225
35521252
34
54
254454
24551535

3511
2433251425
43311533
35245543
13333444
33
21
53323341
152345
3255
355453
3522211521
12453311
543522
1342
21
3334
13
13
5242541245

