543143
2451323115
433311
41
25
3214135132
4544544254
345132
2431433345
2233112134
2521133315
54553233
2552
41
2533322552
2555
141535
51252145
152532
43

5255134422
3455
5534
3235
5332314135
4222
5251
14413341
11
321454
1153
5141554121
3545
45
34511553
2345121314
55244222
153325
5253223345
4521242134

5233
33
532435
2122144351
1424512444
352551
12542511
1333
3352
4144
334155
42
4432232425
1215
45442531
2541
25
525334
45
41

11
2544
5141
13122455
31
1434313421
21
4443
22
1525343541
1514
55343113
34251523
55152352
2425
3554351155
23
5124352523
314553
33255125

413324
2542415111
45
5253434441
245332
25
43211131
25344413
225143
342522
5244115552
15551151
23
25545113
225525
4155434224
412324
5235
232453
55

