51
1211
25
24312242
4225233425
442514
4243233251
331131
35452352
154424
5214255315
25
45
22214321
1232532225
23
31
124344
3343
5451522132

34332544
14
3524
52442525
2311512442
311351
5513
1112
2554141553
3343
112332
2212
2534
41331312
55255143
2421
42323143
52
2442
21132534

54235233
42544434
11534514
21
25132134
45553233
3515
3444
3554121531
2154
22
245543
323354
52
541252
54441321
3152554544
42
12
33

3154
2455
2354444112
3525552444
5552351351
21
31
125251
4422215412
31151241
41122414
2132
22
4135155524
11144533
2124
5242
5345513423
5513512431
123433

33
122433
3532212431
5332314523
12342332
34
322515
32315244
2122142235
31244252
1312
31
1454
131445
4533
3125552225
5313145235
3525534523
2534
3231

