2533
2154531351
3513142444
231331
142421
3154
34
2551
5511
3221
12
311535
23
5115425212
3122
52
1131245545
3231453311
2231244434
4551

251125
124521
3125253214
424525
5545
5451223545
32
52142214
5132332231
5322
43251312
1443
11515231
42
55
1445441114
14
5515
2231542513
2535

4441
1131
42455125
4312
2325555412
334112
23154252
242115
252324
54
52145253
422542
31522152
11253225
3545442544
1411
1523
3324332223
2311
11

45352531
53133534
4142
23131234
32
54331353
333433
1443
4555115111
1351134252
43
32
134211
13
25553412
352435
33
51241424
245145
4144253115

4312
14
44
335423
55135313
24
45234323
14
4213533412
2534311533
2145
1312
3341
1353
534344
21252545
11121533
1243
15
25

