5332334312
332223
4424
45531333
3524145423
144121
44
4241333223
1443
52211355
33523122
22442425
4234
155124
11
41
415332
2433411224
52312542
5341144142

232542
23
531335
445233
3525
224415
5231221234
223132
25
41255414
23
23
14223111
25
34445212
25133511
132515
2542154243
1355452515
325513

3453
441551
554355
12
553451
2152553214
2311
251411
4312252132
25
4555113522
1533
355235
145225
2354
155534
3244255524
2433135552
5212
14

35155313
1151
53
44322332
2555133315
24552525
121151
252414
5115
25
13
25
3221
5134
11
4353
55524234
3451435341
1342
4224354312

3352
323325
4151
254114
12
532242
2524
5231521425
3414
1222235435
5141354151
2313442442
42
44
44
53
515214
1234
54512535
534114

