21
1422353255
4243232525
5315334333
3345
13
32314335
2325
41551331
51523552
24142412
25
23
2532
34
15125214
2313551544
5322
24512431
35322522

22211125
42245522
2521
1445
254454
2512
422442
533251
5525
22351135
5543
34124335
44415554
543524
54
5423324413
2542
44
33153552
342113

43
221243
2525
5325
343511
54312231
5354232431
33
515444
5134
2225432522
524252
2555241443
4131
515251
35251413
4512522315
1542
4241253223
3525123451

2145
54
54313214
3511
41552255
3334331125
25
31
3152
523122
11514531
5354532255
31
553423
4422
5435
333231
531551
2111533423
142225

442242
12543324
432345
24143253
334131
3152313435
51
4443311112
1243
43424321
3115
134443
344232
5433243124
45
52441353
121342
25453325
1331135124
133125

