5311123453
5115
45
431432
2421
234135
25
2125234342
5334145251
5115551321
42
42542311
22534544
42545534
345345
41232414
44
21452345
5412342152
3225412154

43141553
55
4213
1551
4224422425
42343124
54255233
144353
31112515
41514153
25
5145234151
3124232544
53
2324532242
2545533231
3113
41
3435
5111145235

21255143
152522
412324
54
25
15
1153324445
2412321415
24441114
35153315
545141
454213
2551251222
2423
35222534
45
25232523
2132
5233543122
2231343354

32354551
12
12523154
5442342552
22251125
551553
4234443214
4425
15443214
23
14
35413522
452141
3455155313
4544
534544
2554213212
3145
54211144
31

5354532455
5545514135
2354
3444
3543143425
55414222
1325451243
15
3435
44133324
4535
55151434
32
43314112
145233
1245332523
35
51152513
521452
3451243143

