324441
2553325132
25252435
1232314153
23134213
113343
3231
123442
33
35343543
24
52
521422
54
22
451443
321452
41
13352421
5524

11
52
32
15422551
4422252235
44
35
3343332551
4232
54531351
14
21
5315235433
55221225
1553243325
43252453
2354515425
14415134
1555433141
15

32
13354331
4241145444
33
2552
5431245525
152352
452354
115315
2442523515
34444153
513412
33
4241441331
552531
35
35324254
54
3223
55522345

5231
351325
422535
5322
241232
15
45122514
125221
3522235433
3111445421
5341315453
444335
12
444353
4232532223
3522351535
1213
4521255311
225513
24

13535451
332421
2532
321224
455541
543115
3242
2345441535
51
5354535251
1222554353
51
2534
343141
25351523
12221211
11
4521
14
5534

