3251
353421
2341331155
235412
123231
334523
12434454
221252
54
45421512
12521441
3212132113
2251245141
32425453
5113442455
253242
35
21522543
2544
514553

42
31344232
24515453
23
2111424312
12
55454225
1123
144521
14252111
5223
3354
2521
14222532
22
415122
2451
44
5513
34252553

53244441
114415
52
2423433311
34
54312533
234353
25
12
511514
424353
3125214553
333225
332212
51
3515314123
3524
15122442
31152325
1353

332442
353435
4415
11141312
53135343
25
2544
42
12544215
34332525
4452124321
3513331155
2352331344
5511
11421335
551521
215421
214542
3534
4335433111

13
34511144
2145442451
5152
2435132141
24
52314112
2525332442
42
4445
25252531
4245354125
44
4441353223
2532513235
35433511
5435413341
2231244243
24
155152

