2554234553
23113541
22
325154
2455
2154313255
3522352514
2345125444
2354335442
23
514331
1224
4114435134
4342544213
4544434452
3225543545
54235225
53415543
4112
252223

55
23
53454234
5221
232525
2522
4514154215
24253251
3325
25
15354512
55132115
11251131
1452
43
4551
33
5124
241222
5255

51544225
24
2223252325
2551
551121
3334213435
35253345
25444351
35523113
24
3414412313
2235113154
115345
2535241425
54235212
14243113
342315
325532
2533343513
5214342522

22
323125
52125421
14
33543543
3412112125
1555
21415132
4133135354
32
43
134232
11
34
2242135545
45141142
5124313225
533423
1443
4521135345

52
521232
321422
24
13
24
34
4355
4445
52
1512
3113
34424155
142244
23151441
253552
1355114424
24232553
3345553235
4413312244

