13
2453
512433
5345
34444144
25
2543
3435522325
13
4121245332
455525
43
322122
221241
25143223
14245145
54254144
4454311133
44154424
11

43213231
231353
555453
21345124
2453223125
2242525554
11514142
1422
54
4351
12323515
3221451452
22442553
4245354542
42523545
5425223111
41314331
511553
25134445
13311535

51
3522124533
512525
14342343
5242
3122142253
4245231114
35113325
2242433543
4525412315
432343
41
2444
21
2115
41331535
4241315212
1241251355
31
2352214344

14
55
33223552
244222
2535132522
24
5221454441
1312
531151
253233
2115314342
2545
1112
531533
25
23135154
3233455524
54
131224
5231543343

41
41212523
1411
155513
15254544
334512
334342
35
23
534123
31225532
43144535
3322312533
251121
31241425
41354523
33
42131252
45121344
33

